bench               untraced_cyc    traced_cyc  slowdown stall_frac ipc_untraced  B/insn  B/cyc srcstall_frac gap_frac  dropped
nt_f0                     335925       1079442     3.213      0.750         3.22   0.985  0.987         0.014    0.000        0
nt_f1                    1015445       1079440     1.063      0.506         2.10   0.500  0.987         0.014    0.000        0
nt_f3                    2081963       2081933     1.000      0.000         2.03   0.252  0.512         0.000    0.000        0
nt_f7                    3126911       3127051     1.000      0.000         2.69   0.126  0.341         0.000    0.000        0
nt_f15                   5638363       5640442     1.000      0.000         2.98   0.064  0.192         0.000    0.000        0
tk_f0                    1907832       1924195     1.009      0.000         0.57   0.985  0.553         0.000    0.000        0
tk_f1                    1228971       1196948     0.974      0.005         1.73   0.500  0.890         0.012    0.000        0
tk_f3                    1802384       1786027     0.991      0.000         2.35   0.252  0.596         0.002    0.000        0
tk_f7                    2932886       2867337     0.978      0.000         2.87   0.126  0.371         0.000    0.000        0
call_f0                  4227177       4243574     1.004      0.003         0.50   2.031  1.019         0.014    0.000        0
call_f1                  5226913       5213686     0.997      0.000         0.61   1.655  1.009         0.014    0.000        0
call_f3                  6307805       6283289     0.996      0.000         0.84   0.997  0.837         0.010    0.000        0
call_f7                  7334873       7336153     1.000      0.000         1.29   0.555  0.717         0.007    0.000        0
jr_near                  2359316       2557624     1.084      0.034         1.39   1.160  1.486         0.019    0.000        0
jr_d13                   2359327       3138829     1.330      0.001         1.39   1.300  1.357         0.019    0.000        0
jr_d20                   3145741       3285110     1.044      0.641         1.04   1.620  1.616         0.020    0.000        0
jr_d24                   2359301       3291796     1.395      0.642         1.39   1.940  1.931         0.022    0.000        0
chase_b0                 3994421       4067580     1.018      0.000         0.06   0.300  0.017         0.000    0.000        0
chase_b8                 3994352       4121373     1.032      0.000         0.12   0.675  0.080         0.000    0.000        0
chase_b32                3994713       4210802     1.054      0.000         0.32   0.875  0.266         0.000    0.000        0
chase_b64                3994534       4246085     1.063      0.006         0.58   0.931  0.510         0.000    0.000        0
chase_b120               4055727       4787372     1.180      0.316         1.03   0.956  0.831         0.005    0.000        0
seq_b2                   2625189       2642033     1.006      0.000         0.90   0.334  0.298         0.000    0.000        0
seq_b8                   2616414       2734499     1.045      0.008         1.50   0.601  0.864         0.008    0.000        0
