bench         untraced_cyc    traced_cyc  slowdown stall_frac ipc_untraced  B/insn  B/cyc srcstall_frac
nt_f0               335925       1079443     3.213      0.749         3.22   0.985  0.987         0.014
nt_f1              1048610       1079439     1.029      0.505         2.03   0.500  0.987         0.014
nt_f3              2081543       2081841     1.000      0.000         2.03   0.252  0.512         0.000
nt_f7              3126756       3126878     1.000      0.000         2.69   0.126  0.341         0.000
nt_f15             5775317       5767321     0.999      0.000         2.91   0.064  0.188         0.000
tk_f0              1908826       1940760     1.017      0.000         0.57   0.985  0.549         0.000
tk_f1              1228879       1211782     0.986      0.005         1.73   0.500  0.879         0.011
tk_f3              1785991       1785987     1.000      0.000         2.37   0.252  0.596         0.002
tk_f7              2883746       2900116     1.006      0.000         2.92   0.126  0.367         0.000
call_f0            4227136       4227181     1.000      0.004         0.50   2.031  1.023         0.014
call_f1            5287920       5219784     0.987      0.000         0.60   1.655  1.008         0.014
call_f3            6307658       6279204     0.995      0.000         0.84   0.997  0.838         0.010
call_f7            7337910       7334803     1.000      0.000         1.29   0.555  0.717         0.007
jr_near            2359300       3095730     1.312      0.002         1.39   1.160  1.228         0.017
jr_d13             2359300       3126363     1.325      0.002         1.39   1.300  1.363         0.019
jr_d20             2359311       3285054     1.392      0.641         1.39   1.620  1.616         0.020
jr_d24             2359300       3291828     1.395      0.642         1.39   1.940  1.931         0.022
chase_b0           3994700       4067374     1.018      0.000         0.06   0.300  0.017         0.000
chase_b8           3994265       4117857     1.031      0.000         0.12   0.675  0.081         0.000
chase_b32          3994264       4208871     1.054      0.000         0.32   0.875  0.266         0.000
chase_b64          3994617       4248026     1.063      0.008         0.58   0.931  0.510         0.000
chase_b120         4056183       4789036     1.181      0.316         1.03   0.956  0.830         0.005
seq_b2             2624181       2645818     1.008      0.000         0.90   0.334  0.298         0.000
seq_b8             2616416       2737046     1.046      0.010         1.50   0.601  0.863         0.009
