bench               untraced_cyc    traced_cyc  slowdown stall_frac ipc_untraced  B/insn  B/cyc srcstall_frac gap_frac  dropped
trv_jr_f3.dma             147483        196624     1.333      0.000         2.72   0.510  1.042         0.014    0.000        0
jr_f3.dma                2359316       3144629     1.333      0.000         2.72   0.510  1.042         0.014    0.000        0
jr_f3.always             2359316       2359317     1.000      0.000         2.72   0.000  0.000         0.000    0.000        0
jr_f3.dma-lossy          2359300       2359318     1.000      0.009         2.72   0.505  1.374         0.018    0.013    14902
jr_f3.dma-short            49153         44370     0.903      0.003         2.04   0.511  1.154         0.016    0.000        0
j_f3.dma                 3145716       3145717     1.000      0.000         2.04   0.173  0.354         0.000    0.000        0
jr_p0.dma                2359300       2359300     1.000      0.038         1.39   0.980  1.361         0.018    0.000        0
jr_p1.dma                2359304       2359345     1.000      0.033         1.83   0.758  1.389         0.018    0.000        0
jr_p2.dma                2359306       3133683     1.328      0.000         2.28   0.610  1.046         0.014    0.000        0
jr_p3.dma                2359309       3143201     1.332      0.000         2.72   0.520  1.063         0.015    0.000        0
jr_p5.dma                2752525       2967251     1.078      0.001         3.10   0.385  1.104         0.015    0.000        0
jr_p13.dma               5308409       5373958     1.012      0.000         3.19   0.194  0.610         0.003    0.000        0
jr_island.dma            2359304       3129735     1.327      0.002         1.39   1.300  1.361         0.019    0.000        0
