bench               untraced_cyc    traced_cyc  slowdown stall_frac ipc_untraced  B/insn  B/cyc srcstall_frac gap_frac  dropped
nt_f0                     335926       1079442     3.213      0.749         3.22   0.985  0.987         0.014    0.000        0
nt_f1                    1013554       1079457     1.065      0.506         2.10   0.500  0.987         0.014    0.000        0
nt_f3                    2081960       2081910     1.000      0.000         2.03   0.252  0.512         0.000    0.000        0
nt_f7                    3126865       3131517     1.001      0.000         2.69   0.126  0.340         0.000    0.000        0
tk_f0                    1910974       1881478     0.985      0.000         0.57   0.985  0.566         0.001    0.000        0
tk_f1                    1228864       1179212     0.960      0.005         1.73   0.500  0.903         0.012    0.000        0
tk_f3                    1802383       1769658     0.982      0.000         2.35   0.252  0.602         0.003    0.000        0
tjr_near                 1245241       2211028     1.776      0.478         2.68   1.275  1.927         0.023    0.000        0
tjr_d13                  2293807       2300015     1.003      0.033         1.46   1.275  1.852         0.022    0.000        0
tjr_d20                  2293812       3285109     1.432      0.642         1.46   1.588  1.616         0.020    0.000        0
tjr_d24                  2293795       3291826     1.435      0.643         1.46   1.902  1.931         0.022    0.000        0
call_f0                  4227136       4227182     1.000      0.007         0.50   2.277  1.147         0.016    0.000        0
chase_b0                 3994491       4068767     1.019      0.000         0.06   0.300  0.017         0.000    0.000        0
chase_b64                3994247       4243737     1.062      0.008         0.58   0.931  0.510         0.000    0.000        0
chase_b120               4056221       4777145     1.178      0.332         1.03   0.956  0.832         0.005    0.000        0
